2040

2044

2041

2040

2037

2041

2041

2040

2040

2042

2039

2038

2037

2036

2035

2031

2022

2030

2021

2025

2038

2016

2022

2018

2021

2030

2018

2016

2014

2016

2006

2014

2016

2004

2014

2001

2011

2009

2011

2011

2008

2002

2013

2013

2016

2015

2016

2014

2012

2009

2006

2004

2004

1994

1993

1982

1991

1980

1971

1966

1961

1972

1959

1960

1954

1950

1958

1959

1957

1973

1979

1985

1985

1988

2013

2014

2025

2032

2051

2052

2068

2065

2076

2074

2082

2078

2086

2096

2070

2054

2074

2058

2052

2046

2047

2026

2036

2036

2033

2038

2029

2034

2038

2036

2041

2042

2048

2070

2052

2063

2064

2065

2065

2077

2077

2078

2088

2098

2094

2092

2082

2095

2090

2092

2106

2084

2095

2089

2092

2108

2104

2093

2092

2090

2084

2085

2084

2084

2091

2082

2097

2090

2095

2089

2098

2099

2103

2104

2102

2105

2123

2113

2115

2117

2117

2121

2127

2121

2114

2125

2137

2128

2134

2136

2154

2155

2136

2144

2146

2144

2142

2161

2139

2145

2137

2139

2146

2129

2131

2127

2123

2136

2119

2108

2102

2112

2102

2106

2099

2100

2102

2097

2097

2103

2112

2097

2094

2098

2108

2088

2096

2092

2092

2110

2093

2095

2092

2074

2086

2090

2076

2078

2087

2061

2084

2075

2091

2079

2076

2077

2078

2094

2082

2076

2089

2079

2087

2088

2079

2091

2091

2101

2125

2100

2115

2117

2125

2119

2123

2125

2117

2122

2124

2119

2118

2102

2108

2098

2096

2090

2082

2072

2068

2060

2057

2063

2060

2062

2057

2066

2065

2082

2067

2080

2077

2078

2082

2094

2087

2090

2075

2092

2086

2084

2080

2090

2074

2065

2064

2072

2042

2052

2032

2040

2030

2028

2026

2026

2043

2020

2021

2018

2020

2018

2009

2017

2017

2022

2023

2023

2023

2029

2030

2025

2031

2028

2038

2028

2037

2040

2035

2044

2041

2047

2053

2043

2045

2049

2051

2041

2053

2045

2039

2043

2037

2042

2034

2039

2029

2043

2038

2024

2020

2027

2027

2037

2021

2024

2025

2026

2024

2027

2026

2027

2031

2040

2027

2028

2027

2040

2032

2031

2024

2030

2024

2032

2027

2028

2032

2023

2044

2023

2019

2027

2016

2022

2009

2022

2014

2008

2011

2008

2006

1998

1994

2002

1998

2002

1994

2003

2004

1994

2002

2010

2015

2011

2023

2026

2029

2045

2068

2064

2069

2081

2080

2076

2090

2086

2091

2089

2097

2087

2075

2079

2060

2067

2062

2055

2040

2039

2033

2031

2036

2018

2014

2018

2011

2014

2015

2017

2035

2037

2026

2028

2025

2031

2033

2033

2034

2026

2034

2029

2024

2034

2030

2028

2024

2022

2016

2008

2013

2010

2007

2020

2008

2004

2005

2004

1993

2005

2021

2004

2005

2007

2013

2015

2015

2022

2031

2022

2022

2026

2023

2028

2045

2030

2032

2030

2033

2036

2033

2037

2032

2056

2026

2037

2046

2041

2037

2026

2041

2030

2035

2056

2035

2037

2035

2020

2032

2034

2029

2033

2040

2029

2016

2018

2031

2014

2027

2021

2024

2019

2028

2032

2012

2022

2019

2013

2016

2038

2013

2006

2028

2014

2006

2006

2006

1995

2006

2011

1999

2014

1992

1991

1988

1991

1976

1982

1972

1974

1960

1955

1965

1965

1965

1948

1968

1944

1952

1959

1979

1961

1960

1968

1967

1966

1970

1961

1990

1983

1995

2001

2002

2012

2031

2036

2049

2056

2063

2083

2071

2067

2063

2069

2068

2069

2075

2060

2052

2040

2041

2036

2029

2027

2017

2026

2022

2023

2022

2021

2024

2021

2031

2039

2037

2052

2041

2054

2075

2063

2064

2070

2069

2068

2070

2066

2061

2070

2066

2071

2064

2064

2062

2057

2064

2058

2060

2058

2061

2070

2056

2052

2052

2062

2061

2066

2069

2071

2064

2074

2074

2069

2079

2080

2085

2086

2086

2092

2085

2102

2085

2097

2121

2103

2110

2102

2096

2102

2090

2099

2101

2101

2101

2097

2100

2088

2094

2097

2088

2093

2104

2088

2077

2086

2074

2083

2084

2080

2082

2081

2078

2084

2075

2089

2085

2088

2090

2090

2092

2093

2092

2097

2094

2098

2095

2094

2095

2084

2090

2084

2086

2072

2078

2067

2068

2054

2072

2059

2056

2057

2050

2058

2058

2083

2060

2069

2067

2064

2072

2081

2084

2086

2086

2111

2103

2121

2108

2112

2114

2112

2118

2120

2104

2112

2128

2113

2124

2109

2096

2100

2084

2092

2087

2077

2080

2078

2081

2069

2077

2087

2101

2096

2111

2109

2109

2108

2120

2121

2122

2123

2125

2120

2122

2117

2114

2114

2116

2096

2084

2088

2075

2074

2064

2064

2057

2042

2051

2060

2048

2035

2053

2048

2046

2042

2038

2052

2048

2054

2059

2056

2060

2061

2066

2071

2084

2075

2074

2072

2074

2070

2071

2062

2068

2065

2064

2048

2059

2050

2053

2045

2039

2039

2035

2029

2041

2030

2021

2029

2033

2022

2025

2017

2021

2023

2015

2017

2016

2024

2013

2021

2019

2025

2039

2021

2023

2021

2019

2022

2016

2032

2022

2013

2016

2011

2008

2007

1995

1998

2012

1995

1990

1980

1988

1978

1978

1983

1979

1975

1976

1982

1984

1987

1992

1996

1993

2003

2018

2018

2020

2031

2039

2050

2062

2068

2080

2090

2096

2102

2108

2111

2108

2102

2104

2107

2098

2097

2088

2081

2076

2056

2060

2045

2050

2040

2031

2029

2034

2029

2037

2033

2043

2039

2046

2044

2063

2065

2065

2067

2077

2083

2079

2081

2076

2073

2077

2075

2076

2058

2064

2061

2058

2057

2056

2050

2044

2036

2050

2046

2044

2042

2050

2043

2050

2050

2048

2062

2051

2060

2062

2062

2067

2058

2072

2066

2066

2075

2072

2080

2076

2080

2078

2075

2074

2080

2078

2082

2077

2086

2074

2065

2088

2072

2072

2064

2068

2070

2068

2069

2067

2057

2065

2059

2065

2060

2058

2060

2057

2048

2056

2055

2075

2054

2045

2056

2071

2053

2052

2055

2052

2041

2049

2043

2051

2058

2045

2040

2042

2037

2036

2035

2043

2034

2033

2038

2032

2039

2034

2044

2049

2050

2053

2068

2057

2074

2070

2088

2102

2088

2100

2101

2105

2120

2092

2102

2096

2099

2090

2080

2082

2072

2064

2062

2049

2050

2038

2036

2033

2039

2029

2018

2026

2024

2021

2042

