2
-27
-29
-13
13
12
25
22
16
39
28
20
49
53
54
53
31
18
-7
-20
14
21
18
29
34
37
36
13
-14
-39
-48
-33
6
25
-14
-4
6
7
9
13
3
12
30
13
-15
3
10
18
59
44
30
41
52
62
31
-9
-34
-6
15
33
22
-6
-2
36
59
73
81
95
69
31
11
-16
-22
-39
-41
-37
-30
-46
-33
-49
-48
-50
-60
-47
-31
-12
18
30
27
14
3
21
21
6
-2
-18
-1
31
37
49
73
81
76
93
65
54
62
79
81
77
58
56
83
78
83
83
43
26
32
25
15
-10
-27
-25
-45
-56
-34
-44
-66
-68
-46
-33
-49
-33
-12
-18
-18
-21
-10
-12
-8
-16
-20
-33
-51
-34
-24
-46
-54
-40
-42
-24
-33
-16
-31
-49
-36
-32
-30
-24
-53
-45
-30
-29
-12
-1
-44
-81
-74
-55
-54
-50
-50
-40
-55
-61
-59
-76
-67
-58
-55
-45
-61
-69
-50
-15
5
12
23
18
-17
-48
-36
-8
-21
-17
-16
-29
-50
-41
-40
-45
-43
-52
-67
-78
-77
-80
-67
-43
-52
-59
-48
-51
-89
-84
-65
-96
-74
-86
-88
-72
-55
-64
-37
-13
-10
-20
-43
-72
-72
-71
-93
-95
-89
-84
-48
-24
-13
-20
-41
-16
-11
-31
-48
-56
-59
-46
-59
-40
-60
-72
-60
-53
-74
-97
-44
-26
2
21
19
38
40
39
71
72
68
71
59
45
7
-2
6
36
31
-5
18
4
19
16
-3
-13
-23
-42
-35
-19
-25
-36
-30
-55
-71
-79
-89
-85
-89
-84
-82
-72
-50
-28
-19
-17
-12
23
3
7
18
20
14
10
6
-20
-15
-36
-41
-21
-26
-39
-23
-31
-39
-42
-43
-39
-51
-72
-58
-54
-47
-58
-65
-92
-80
-70
-77
-60
-53
-68
-55
-62
-72
-39
-60
-95
-67
-61
-71
-99
-99
-100
-92
-79
-93
-80
-60
-54
-46
-21
-4
-6
-14
-33
-62
-75
-93
-95
-99
-90
-70
-72
-81
-106
-84
-73
-64
-53
-39
-41
-32
-24
-27
-32
-43
-32
-25
-17
-5
-8
-23
-15
-3
-30
-5
24
25
32
35
30
40
10
24
32
27
21
36
33
33
0
-14
-12
-11
-15
-20
-31
-18
-58
-72
-44
-29
-40
-18
-8
-5
0
5
2
12
9
13
7
5
28
12
-10
10
18
-2
11
10
8
15
26
31
51
49
46
44
35
28
35
42
46
53
44
11
15
17
16
20
13
12
22
-6
-20
5
8
16
22
14
7
28
31
12
6
-7
-8
-12
-7
-5
-33
-37
-37
-23
-2
29
60
91
70
28
6
8
-7
-44
-44
-26
0
26
29
41
59
39
8
34
32
28
50
36
7
-7
9
22
27
18
14
16
44
50
58
42
41
75
82
79
103
102
88
93
92
51
48
40
-12
14
30
51
54
34
21
3
33
23
1
8
-3
1
18
11
16
26
18
8
6
-1
-2
-6
-22
-39
-31
-34
-18
15
21
0
-30
-10
26
30
21
27
27
7
6
36
37
17
15
12
35
58
56
45
59
69
68
74
66
34
33
45
37
44
34
32
15
42
48
27
29
29
15
-7
4
4
12
20
16
13
7
1
-8
-19
-32
-60
-58
-29
-16
2
26
39
52
59
34
23
-6
-24
12
0
2
11
10
24
19
-7
-6
-1
29
26
-7
-13
-27
-33
-19
-11
-3
9
29
32
18
17
4
6
26
21
26
44
22
25
48
46
43
28
36
38
31
20
25
25
37
55
56
52
59
51
50
45
18
19
33
63
69
34
42
45
48
47
47
46
27
18
30
15
46
41
26
36
51
77
83
67
48
22
8
15
18
34
55
50
42
62
70
86
95
82
73
45
36
15
28
44
35
51
45
35
41
29
14
4
14
31
54
39
52
80
70
66
64
44
34
-1
-37
-49
-41
-44
-42
-54
-19
-6
-6
-1
-3
3
10
8
-2
-10
23
36
47
50
46
24
15
25
33
38
52
66
89
130
149
110
77
48
65
67
20
14
-6
-5
-20
-17
5
12
2
2
21
8
24
32
2
-33
-39
-18
-24
-25
-26
8
17
8
10
11
-12
2
23
6
-1
8
7
-1
-10
-13
-22
-40
-22
-8
-49
-62
-68
-74
-64
-41
-50
-25
-25
-7
13
4
11
16
-6
-18
-4
-13
6
18
51
57
32
33
26
35
20
10
42
63
55
53
38
54
67
46
65
48
11
13
-15
-9
15
-8
-7
-4
-1
-18
-19
-8
1
-10
-28
-45
-43
-29
-10
-6
10
11
2
15
-6
4
37
33
21
27
54
91
86
78
98
111
94
54
39
23
16
15
6
10
8
-12
6
6
-2
33
4
11
32
32
31
27
37
34
34
39
40
34
42
20
-3
-29
-49
-40
-33
-31
-40
-35
-7
-3
-18
-46
-69
-46
-43
-20
-5
14
37
45
-3
-34
-43
-64
-72
-52
-42
-61
-90
-71
-63
-72
-86
-77
-77
-82
-84
-106
-106
-82
-78
-59
-54
-55
-77
-50
-14
-4
6
25
18
3
4
6
33
76
78
57
31
33
31
36
46
34
45
40
14
23
26
40
55
54
45
40
56
42
46
41
36
37
34
41
69
72
70
95
73
72
55
39
72
56
54
53
45
31
32
58
58
48
55
35
17
24
30
43
31
25
36
64
65
40
39
33
33
39
43
33
44
43
17
7
1
-5
7
-2
-33
-40
-8
-4
-20
-33
-32
-10
-4
-8
-30
-26
7
7
-1
-10
-31
-25
-11
-18
-42
-41
-44
-40
-48
-63
-40
-56
-44
-59
-72
-61
-52
-60
-26
4
-12
-11
-21
-35
-22
-45
-40
-22
-32
-30
-24
-20
20
43
25
23
48
29
-31
-52
-48
-29
-22
-22
-20
-13
-39
-16
0
-19
-5
-20
-21
-9
-7
-5
10
19
4
9
1
-4
-5
6
17
-13
-20
3
13
17
36
25
48
40
36
36
21
2
-1
17
-8
-5
2
-7
2
-5
-18
-24
-47
-44
-22
-31
-21
-11
-7
-6
20
31
14
8
19
11
3
3
4
-33
-56
-70
-70
-40
-43
-47
-42
-34
-37
-45
-69
-45
-45
-52
-15
6
-29
-34
-34
-7
23
12
16
26
3
-4
13
13
17
-1
-39
-70
-55
-18
-17
-3
-3
-39
-48
-27
5
39
58
71
71
56
37
33
66
98
76
59
30
-11
-1
2
0
-2
12
33
45
45
44
30
13
4
13
53
105
140
144
135
77
19
6
16
13
29
46
42
35
40
45
35
39
33
23
25
31
50
14
12
20
6
6
32
34
42
68
69
50
17
-6
6
30
60
22
2
23
8
15
16
31
49
57
74
41
17
17
-15
-18
-7
-8
18
13
-10
-4
-2
-7
-18
-30
-22
-23
10
55
56
43
45
58
69
72
99
109
82
76
67
49
46
26
13
12
15
14
17
11
-17
-22
-38
-51
-44
-42
-40
-33
-51
-32
-10
-23
-16
-41
-52
-37
-30
-12
-3
5
20
36
17
27
18
-5
-5
12
2
39
73
81
80
80
91
95
88
73
55
27
-6
-12
-5
-7
-29
-34
-16
-42
-41
-29
-34
-41
-37
-32
-33
-13
7
35
59
74
45
-18
-29
-32
-24
-13
-18
-12
-32
-43
-37
-30
-15
-24
-37
-32
-31
-40
-54
-57
-46
-36
-37
-19
-19
-58
-32
-4
-18
-13
9
30
15
20
36
44
70
78
90
73
61
54
51
49
36
31
54
67
78
71
53
51
56
68
61
44
28
40
34
41
46
38
31
7
-1
22
0
20
26
-1
-2
27
23
31
57
40
54
64
51
43
13
12
23
6
36
54
40
43
22
20
25
12
-9
-5
-17
-13
14
1
-11
4
12
25
7
-24
3
11
3
-3
4
18
23
4
3
-8
14
17
18
4
-27
-24
-1
34
54
52
58
58
46
56
18
15
30
19
29
26
31
52
55
16
39
40
64
74
48
52
65
80
73
127
156
151
126
92
73
73
73
72
91
96
97
115
110
107
117
125
130
158
152
167
185
160
147
150
177
146
119
116
110
70
55
56
48
71
89
94
71
35
25
15
20
46
82
64
21
-23
-78
-96
-65
-14
46
68
42
29
13
-40
-76
-92
-132
-170
-171
-102
-32
-12
-20
-48
-55
-52
-68
-101
-100
-126

