2001

2011

2006

2009

2015

2017

2016

2008

2008

2025

2023

2024

2019

2017

2029

2031

2032

2029

2021

2038

2049

2040

2050

2040

2035

2039

2053

2029

2039

2025

2038

2058

2037

2040

2025

2036

2034

2034

2034

2034

2039

2028

2035

2049

2030

2033

2026

2035

2039

2039

2035

2038

2039

2039

2040

2043

2062

2047

2048

2048

2045

2048

2046

2036

2039

2035

2041

2041

2032

2035

2031

2030

2027

2024

2023

2017

2007

2010

2015

2011

2011

2010

1998

2013

2017

2018

2012

2012

2029

2031

2039

2046

2060

2075

2079

2081

2108

2103

2113

2117

2123

2123

2114

2123

2132

2106

2099

2098

2095

2099

2077

2061

2070

2051

2039

2036

2024

2034

2024

2027

2026

2017

2028

2031

2037

2042

2045

2050

2056

2058

2066

2057

2059

2050

2062

2058

2056

2048

2030

2042

2038

2034

2038

2015

2020

2035

2019

2028

2014

2006

2013

2006

2018

2021

2029

2022

2023

2032

2050

2038

2030

2037

2045

2048

2053

2042

2056

2057

2055

2056

2064

2058

2058

2058

2055

2057

2056

2057

2057

2057

2048

2053

2048

2051

2041

2043

2045

2055

2039

2053

2041

2034

2033

2030

2033

2035

2031

2028

2025

2013

2022

2018

2023

2014

2021

2021

2005

2022

2043

2014

2008

2030

2022

2008

2019

2018

2018

2016

2018

2014

2024

2012

2003

2011

1998

2008

2007

2005

1995

2014

1991

1994

1994

1986

1987

1992

1985

1988

2006

1980

1984

1972

1986

1986

1989

1989

2009

1997

1996

2001

2001

2004

2019

2029

2039

2047

2054

2070

2069

2088

2087

2096

2092

2102

2105

2118

2099

2082

2103

2081

2071

2065

2046

2050

2033

2033

2026

2022

2018

2018

2021

2009

2018

2021

2025

2012

2026

2024

2030

2039

2033

2046

2041

2049

2054

2059

2050

2048

2051

2043

2042

2042

2044

2032

2027

2026

2017

2018

2019

2011

2017

2014

2010

2013

2008

2015

2012

2030

2014

2007

2015

2015

2023

2015

2033

2031

2032

2039

2052

2039

2036

2042

2049

2049

2053

2056

2052

2061

2061

2064

2060

2075

2065

2060

2065

2069

2063

2083

2065

2060

2060

2050

2057

2052

2066

2051

2054

2052

2064

2053

2052

2050

2056

2040

2049

2057

2070

2062

2058

2063

2060

2066

2064

2068

2083

2068

2067

2068

2072

2066

2075

2075

2078

2081

2078

2070

2083

2069

2054

2066

2062

2058

2066

2038

2048

2039

2047

2038

2034

2045

2040

2043

2047

2052

2060

2059

2072

2062

2078

2086

2095

2100

2108

2116

2134

2132

2139

2149

2140

2157

2157

2165

2161

2150

2160

2148

2151

2140

2141

2144

2127

2115

2139

2113

2099

2100

2114

2101

2102

2089

2104

2120

2133

2115

2129

2122

2128

2133

2148

2140

2138

2145

2128

2152

2138

2123

2124

2112

2104

2103

2092

2090

2081

2088

2064

2064

2063

2059

2058

2056

2054

2040

2054

2051

2048

2058

2054

2062

2054

2054

2069

2066

2070

2065

2071

2067

2081

2084

2081

2083

2081

2084

2084

2072

2085

2081

2080

2077

2078

2096

2068

2074

2069

2071

2064

2052

2063

2056

2060

2049

2051

2054

2065

2051

2061

2053

2043

2052

2051

2065

2053

2046

2067

2055

2054

2056

2049

2057

2050

2063

2052

2072

2059

2056

2060

2049

2058

2051

2051

2050

2044

2042

2042

2036

2041

2014

2022

2011

2016

2009

2010

2006

2010

2004

2010

2011

2014

2017

2020

2023

2026

2028

2037

2041

2051

2053

2065

2074

2073

2092

2106

2112

2109

2120

2116

2116

2121

2118

2115

2118

2104

2093

2085

2083

2072

2065

2057

2048

2043

2039

2034

2027

2020

2023

2031

2030

2035

2037

2047

2039

2045

2059

2055

2062

2075

2059

2070

2071

2068

2074

2062

2072

2075

2048

2041

2033

2029

2025

2012

2018

2011

2008

2011

1998

2006

2003

2005

2005

2006

2012

2001

2014

2006

2018

2015

2040

2026

2026

2030

2030

2031

2038

2030

2038

2053

2042

2028

2043

2040

2048

2032

2048

2044

2049

2045

2048

2053

2047

2034

2040

2052

2044

2039

2038

2032

2036

2033

2044

2031

2028

2029

2020

2029

2033

2042

2028

2045

2031

2029

2031

2021

2033

2022

2035

2030

2032

2031

2035

2028

2039

2037

2027

2038

2035

2034

2027

2034

2024

2025

2031

2016

2029

2028

2022

2027

2034

2016

2010

2014

2007

2007

1999

2002

2022

2006

2002

1995

2004

2007

2008

2020

2000

2013

2034

2027

2020

2039

2050

2060

2076

2080

2086

2096

2096

2114

2110

2111

2111

2122

2096

2099

2097

2094

2088

2077

2064

2060

2044

2041

2035

2020

2027

2019

2021

2017

2020

2012

2019

2017

2019

2033

2051

2039

2045

2047

2041

2048

2066

2042

2051

2067

2040

2034

2033

2029

2026

2027

2018

2014

2015

1997

2005

2004

1986

1996

1992

1999

1986

2001

1999

2004

2004

2008

2008

2024

2015

2034

2022

2026

2030

2026

2030

2030

2035

2054

2039

2056

2048

2040

2052

2050

2040

2044

2043

2048

2054

2045

2052

2039

2053

2048

2049

2067

2049

2045

2045

2044

2044

2042

2041

2037

2046

2039

2045

2038

2040

2026

2043

2041

2045

2037

2035

2065

2046

2049

2049

2051

2045

2050

2035

2046

2045

2056

2044

2056

2047

2046

2047

2056

2041

2051

2034

2043

2036

2040

2040

2042

2032

2034

2036

2036

2032

2030

2015

2013

2022

2010

2018

2014

2018

2032

2022

2014

2008

2008

2013

2023

2046

2029

2022

2041

2045

2064

2061

2062

2082

2097

2100

2123

2113

2119

2124

2119

2120

2109

2122

2111

2116

2096

2085

2077

2070

2060

2050

2052

2035

2028

2022

2015

2013

2013

2013

2031

2025

2016

2013

2026

2049

2035

2027

2040

2041

2043

2049

2038

2050

2047

2038

2032

2022

2026

2016

2016

2007

2006

1996

1996

2002

1984

1987

1974

1983

1968

1979

1974

1982

1978

1996

1980

1982

1988

1987

1990

1998

1995

2000

2000

2008

2007

2014

2003

2014

2017

2020

2018

2026

2018

2027

2018

2024

2030

2029

2030

2028

2030

2023

2025

2027

2012

2022

2021

2021

2015

2020

2011

2043

2018

2010

2020

2004

2016

2017

2009

2031

2023

2019

2025

2023

2025

2022

2029

2049

2030

2031

2031

2026

2031

2036

2028

2037

2040

2056

2053

2039

